START graalphp run=1 parked=10 pid=21988
graalphp,1,10,0,startup,0,0.047404,0.000,0.015625,0.000,19.188,42.137,19.188,0,0.000,0.000
graalphp,1,10,0,suspended,0,0.112908,0.000,0.015625,0.000,19.738,42.137,19.738,0,0.000,0.000
graalphp,1,10,4,curl,128,0.132914,963.029,0.031250,244.141,20.789,43.180,20.789,4,0.000,244.141
LATENCY graalphp,1,10,16,8,0.614913,0.434200,0.472300,1.443800,1.443800,1.443800,1.443800
START trueasync run=1 parked=10 pid=22260
trueasync,1,10,0,startup,0,0.051276,0.000,0.078125,0.000,20.543,11.617,20.543,0,0.000,0.000
trueasync,1,10,0,suspended,0,0.053929,0.000,0.078125,0.000,20.770,31.695,20.770,0,0.000,0.000
trueasync,1,10,4,curl,128,0.070428,1817.472,0.078125,610.352,20.855,25.699,20.855,4,488.281,122.070
LATENCY trueasync,1,10,16,8,0.516038,0.369400,0.403400,1.277000,1.277000,1.277000,1.277000
RESULTS build\curl-benchmark-4112190261097190124
