START graalphp-before run=1 parked=10000 pid=21380
graalphp-before,1,10000,0,startup,0,0.046392,0.000,0.015625,0.000,19.230,42.121,19.230,0,0.000,0.000
graalphp-before,1,10000,0,suspended,0,0.147996,0.000,0.125000,0.000,122.660,145.461,122.660,0,0.000,0.000
graalphp-before,1,10000,64,curl,131072,6.027979,21743.939,6.390625,48.757,236.449,253.535,240.359,64,27.657,21.100
LATENCY graalphp-before,1,10000,16,8192,2.816622,2.280700,2.665000,3.204200,4.054400,5.744600,27.466700
START graalphp run=1 parked=10000 pid=6768
graalphp,1,10000,0,startup,0,0.031732,0.000,0.031250,0.000,19.227,42.125,19.227,0,0.000,0.000
graalphp,1,10000,0,suspended,0,0.080547,0.000,0.140625,0.000,111.016,131.934,111.016,0,0.000,0.000
graalphp,1,10000,64,curl,131072,5.679650,23077.480,6.015625,45.896,141.137,160.152,227.184,64,28.014,17.881
LATENCY graalphp,1,10000,16,8192,2.681188,2.159800,2.348900,3.354100,3.652500,4.935900,26.458500
START graalphp run=2 parked=10000 pid=17932
graalphp,2,10000,0,startup,0,0.027181,0.000,0.000000,0.000,19.242,42.137,19.242,0,0.000,0.000
graalphp,2,10000,0,suspended,0,0.085765,0.000,0.109375,0.000,122.645,145.484,122.645,0,0.000,0.000
graalphp,2,10000,64,curl,131072,5.457624,24016.311,5.953125,45.419,143.906,160.855,233.227,64,26.703,18.716
LATENCY graalphp,2,10000,16,8192,2.574279,2.159900,2.306000,3.007400,3.117600,3.997100,22.001200
START graalphp-before run=2 parked=10000 pid=23048
graalphp-before,2,10000,0,startup,0,0.029409,0.000,0.000000,0.000,19.223,42.121,19.223,0,0.000,0.000
graalphp-before,2,10000,0,suspended,0,0.087334,0.000,0.125000,0.000,122.434,144.973,122.434,0,0.000,0.000
graalphp-before,2,10000,64,curl,131072,5.392642,24305.710,5.640625,43.035,235.973,253.547,240.074,64,23.365,19.670
LATENCY graalphp-before,2,10000,16,8192,2.546313,2.143800,2.275200,2.959900,3.031300,5.115600,22.121500
RESULTS build\curl-benchmark-7971539924665828759
