START graalphp-before-untimed run=1 parked=1000 pid=13968
graalphp-before-untimed,1,1000,0,startup,0,0.043584,0.000,0.015625,0.000,19.176,42.137,19.176,0,0.000,0.000
graalphp-before-untimed,1,1000,0,suspended,0,0.093322,0.000,0.015625,0.000,31.203,60.371,31.203,0,0.000,0.000
graalphp-before-untimed,1,1000,64,curl,131072,5.656671,23171.226,5.781250,44.107,145.289,166.168,153.730,64,18.954,25.153
START graalphp-before run=1 parked=1000 pid=23116
graalphp-before,1,1000,0,startup,0,0.028414,0.000,0.015625,0.000,19.156,42.117,19.156,0,0.000,0.000
graalphp-before,1,1000,0,suspended,0,0.034611,0.000,0.015625,0.000,31.813,60.359,31.813,0,0.000,0.000
graalphp-before,1,1000,64,curl,131072,5.276564,24840.408,5.531250,42.200,197.359,217.516,201.359,64,21.338,20.862
LATENCY graalphp-before,1,1000,16,8192,2.551364,2.183100,2.341400,3.029700,3.096300,4.828200,15.188200
START graalphp-untimed run=1 parked=1000 pid=12352
graalphp-untimed,1,1000,0,startup,0,0.028646,0.000,0.062500,0.000,19.156,42.129,19.156,0,0.000,0.000
graalphp-untimed,1,1000,0,suspended,0,0.034935,0.000,0.062500,0.000,46.914,65.945,46.914,0,0.000,0.000
graalphp-untimed,1,1000,64,curl,131072,5.033363,26040.642,5.265625,40.174,79.207,99.816,152.395,64,19.670,20.504
START graalphp run=1 parked=1000 pid=10876
graalphp,1,1000,0,startup,0,0.028602,0.000,0.000000,0.000,19.156,42.121,19.156,0,0.000,0.000
graalphp,1,1000,0,suspended,0,0.034632,0.000,0.000000,0.000,31.984,60.355,31.984,0,0.000,0.000
graalphp,1,1000,64,curl,131072,5.167076,25366.764,5.375000,41.008,88.574,113.918,201.379,78,20.385,20.623
LATENCY graalphp,1,1000,16,8192,2.499539,2.169900,2.265700,3.029300,3.133900,3.843300,14.579600
START graalphp-before-untimed run=1 parked=10000 pid=20412
graalphp-before-untimed,1,10000,0,startup,0,0.026632,0.000,0.015625,0.000,19.156,42.121,19.156,0,0.000,0.000
graalphp-before-untimed,1,10000,0,suspended,0,0.076336,0.000,0.093750,0.000,110.418,131.926,110.418,0,0.000,0.000
graalphp-before-untimed,1,10000,64,curl,131072,5.357800,24463.771,5.500000,41.962,182.141,203.113,185.508,64,23.007,18.954
START graalphp-before run=1 parked=10000 pid=6360
graalphp-before,1,10000,0,startup,0,0.025667,0.000,0.000000,0.000,19.172,42.137,19.172,0,0.000,0.000
graalphp-before,1,10000,0,suspended,0,0.072551,0.000,0.046875,0.000,109.547,130.949,109.547,0,0.000,0.000
graalphp-before,1,10000,64,curl,131072,5.397081,24285.722,5.609375,42.796,224.379,244.863,230.238,72,23.961,18.835
LATENCY graalphp-before,1,10000,16,8192,2.566514,2.196600,2.334500,2.977300,3.063000,4.008600,20.396700
START graalphp-untimed run=1 parked=10000 pid=20008
graalphp-untimed,1,10000,0,startup,0,0.031241,0.000,0.015625,0.000,19.164,42.125,19.164,0,0.000,0.000
graalphp-untimed,1,10000,0,suspended,0,0.080268,0.000,0.062500,0.000,109.586,131.418,109.586,0,0.000,0.000
graalphp-untimed,1,10000,64,curl,131072,5.244365,24992.920,5.375000,41.008,115.332,131.355,178.246,64,21.577,19.431
START graalphp run=1 parked=10000 pid=22496
graalphp,1,10000,0,startup,0,0.027687,0.000,0.015625,0.000,19.164,42.125,19.164,0,0.000,0.000
graalphp,1,10000,0,suspended,0,0.074667,0.000,0.109375,0.000,109.387,130.918,109.387,0,0.000,0.000
graalphp,1,10000,64,curl,131072,5.362301,24443.239,5.718750,43.631,128.523,150.176,225.852,64,24.557,19.073
LATENCY graalphp,1,10000,16,8192,2.550382,2.136700,2.259300,3.021200,3.102700,4.908600,20.796000
START graalphp run=2 parked=1000 pid=16180
graalphp,2,1000,0,startup,0,0.029214,0.000,0.031250,0.000,19.168,42.125,19.168,0,0.000,0.000
graalphp,2,1000,0,suspended,0,0.035514,0.000,0.046875,0.000,32.277,60.359,32.277,0,0.000,0.000
graalphp,2,1000,64,curl,131072,5.143211,25484.467,5.468750,41.723,89.523,114.426,201.711,64,23.365,18.358
LATENCY graalphp,2,1000,16,8192,2.483344,2.147000,2.280100,2.977200,3.059700,4.366400,15.151000
START graalphp-untimed run=2 parked=1000 pid=16892
graalphp-untimed,2,1000,0,startup,0,0.033026,0.000,0.015625,0.000,19.164,42.125,19.164,0,0.000,0.000
graalphp-untimed,2,1000,0,suspended,0,0.038794,0.000,0.015625,0.000,31.852,60.359,31.852,0,0.000,0.000
graalphp-untimed,2,1000,64,curl,131072,4.998056,26224.596,5.125000,39.101,80.336,100.359,153.781,64,21.338,17.762
START graalphp-before run=2 parked=1000 pid=17412
graalphp-before,2,1000,0,startup,0,0.029262,0.000,0.000000,0.000,19.156,42.109,19.156,0,0.000,0.000
graalphp-before,2,1000,0,suspended,0,0.035314,0.000,0.000000,0.000,31.918,60.344,31.918,0,0.000,0.000
graalphp-before,2,1000,64,curl,131072,5.178712,25309.770,5.421875,41.366,197.238,217.434,201.297,64,20.027,21.338
LATENCY graalphp-before,2,1000,16,8192,2.505625,2.158700,2.321600,2.961000,3.029400,4.186600,14.744600
START graalphp-before-untimed run=2 parked=1000 pid=18700
graalphp-before-untimed,2,1000,0,startup,0,0.032351,0.000,0.031250,0.000,19.172,42.133,19.172,0,0.000,0.000
graalphp-before-untimed,2,1000,0,suspended,0,0.039918,0.000,0.031250,0.000,31.777,60.371,31.777,0,0.000,0.000
graalphp-before-untimed,2,1000,64,curl,131072,4.958297,26434.883,5.125000,39.101,145.379,166.203,153.824,64,18.120,20.981
START graalphp run=2 parked=10000 pid=20892
graalphp,2,10000,0,startup,0,0.027668,0.000,0.015625,0.000,19.184,42.145,19.184,0,0.000,0.000
graalphp,2,10000,0,suspended,0,0.075408,0.000,0.109375,0.000,110.129,131.953,110.129,0,0.000,0.000
graalphp,2,10000,64,curl,131072,5.261956,24909.366,5.531250,42.200,127.090,148.949,225.953,64,23.842,18.358
LATENCY graalphp,2,10000,16,8192,2.505616,2.142700,2.268300,2.964000,3.032000,3.760600,20.240000
START graalphp-untimed run=2 parked=10000 pid=19000
graalphp-untimed,2,10000,0,startup,0,0.028384,0.000,0.015625,0.000,19.160,42.113,19.160,0,0.000,0.000
graalphp-untimed,2,10000,0,suspended,0,0.077090,0.000,0.078125,0.000,109.633,131.398,109.633,0,0.000,0.000
graalphp-untimed,2,10000,64,curl,131072,5.176241,25321.852,5.296875,40.412,113.715,130.813,183.047,64,19.670,20.742
START graalphp-before run=2 parked=10000 pid=6328
graalphp-before,2,10000,0,startup,0,0.029893,0.000,0.015625,0.000,19.184,42.137,19.184,0,0.000,0.000
graalphp-before,2,10000,0,suspended,0,0.078142,0.000,0.125000,0.000,109.980,131.441,109.980,0,0.000,0.000
graalphp-before,2,10000,64,curl,131072,5.291470,24770.434,5.625000,42.915,222.531,244.879,228.184,76,21.696,21.219
LATENCY graalphp-before,2,10000,16,8192,2.493952,2.115800,2.240600,2.937600,3.035300,4.231800,21.209100
START graalphp-before-untimed run=2 parked=10000 pid=15640
graalphp-before-untimed,2,10000,0,startup,0,0.026734,0.000,0.015625,0.000,19.168,42.133,19.168,0,0.000,0.000
graalphp-before-untimed,2,10000,0,suspended,0,0.074976,0.000,0.109375,0.000,109.570,131.426,109.570,0,0.000,0.000
graalphp-before-untimed,2,10000,64,curl,131072,5.123049,25584.767,5.296875,40.412,174.980,195.633,185.758,64,19.193,21.219
START graalphp-before-untimed run=3 parked=1000 pid=13976
graalphp-before-untimed,3,1000,0,startup,0,0.027698,0.000,0.000000,0.000,19.172,42.133,19.172,0,0.000,0.000
graalphp-before-untimed,3,1000,0,suspended,0,0.033400,0.000,0.000000,0.000,31.715,60.367,31.715,0,0.000,0.000
graalphp-before-untimed,3,1000,64,curl,131072,4.948590,26486.736,5.203125,39.697,168.059,188.285,168.059,64,18.597,21.100
START graalphp-before run=3 parked=1000 pid=13684
graalphp-before,3,1000,0,startup,0,0.030065,0.000,0.015625,0.000,19.160,42.109,19.160,0,0.000,0.000
graalphp-before,3,1000,0,suspended,0,0.039552,0.000,0.015625,0.000,31.707,60.367,31.707,0,0.000,0.000
graalphp-before,3,1000,64,curl,131072,5.084730,25777.573,5.484375,41.842,231.801,250.063,231.801,64,20.862,20.981
LATENCY graalphp-before,3,1000,16,8192,2.462105,2.121000,2.237100,2.964400,3.068200,4.780200,14.829600
START graalphp-untimed run=3 parked=1000 pid=20928
graalphp-untimed,3,1000,0,startup,0,0.030683,0.000,0.031250,0.000,19.168,42.117,19.168,0,0.000,0.000
graalphp-untimed,3,1000,0,suspended,0,0.036447,0.000,0.031250,0.000,32.887,60.355,32.887,0,0.000,0.000
graalphp-untimed,3,1000,64,curl,131072,4.893604,26784.351,5.000000,38.147,80.297,100.383,153.797,70,18.597,19.550
START graalphp run=3 parked=1000 pid=700
graalphp,3,1000,0,startup,0,0.026432,0.000,0.015625,0.000,19.168,42.117,19.168,0,0.000,0.000
graalphp,3,1000,0,suspended,0,0.032181,0.000,0.031250,0.000,31.816,60.395,31.816,0,0.000,0.000
graalphp,3,1000,64,curl,131072,5.034663,26033.916,5.281250,40.293,89.727,114.422,201.813,78,21.815,18.477
LATENCY graalphp,3,1000,16,8192,2.435091,2.130100,2.236500,2.902000,3.024800,4.173600,16.028700
START graalphp-before-untimed run=3 parked=10000 pid=6612
graalphp-before-untimed,3,10000,0,startup,0,0.028700,0.000,0.015625,0.000,19.168,42.125,19.168,0,0.000,0.000
graalphp-before-untimed,3,10000,0,suspended,0,0.075525,0.000,0.062500,0.000,109.512,130.906,109.512,0,0.000,0.000
graalphp-before-untimed,3,10000,64,curl,131072,5.247251,24979.176,5.312500,40.531,178.137,199.195,185.453,68,19.670,20.862
START graalphp-before run=3 parked=10000 pid=3544
graalphp-before,3,10000,0,startup,0,0.028770,0.000,0.015625,0.000,19.168,42.129,19.168,0,0.000,0.000
graalphp-before,3,10000,0,suspended,0,0.080395,0.000,0.093750,0.000,110.051,131.418,110.051,0,0.000,0.000
graalphp-before,3,10000,64,curl,131072,5.361525,24446.774,5.671875,43.273,251.340,272.566,251.340,64,24.915,18.358
LATENCY graalphp-before,3,10000,16,8192,2.550020,2.128300,2.331100,2.963600,3.066000,4.643900,21.810000
START graalphp-untimed run=3 parked=10000 pid=18012
graalphp-untimed,3,10000,0,startup,0,0.053792,0.000,0.015625,0.000,19.160,42.117,19.160,0,0.000,0.000
graalphp-untimed,3,10000,0,suspended,0,0.102441,0.000,0.125000,0.000,109.645,131.406,109.645,0,0.000,0.000
graalphp-untimed,3,10000,64,curl,131072,5.226799,25076.918,5.484375,41.842,116.297,132.336,183.059,64,20.981,20.862
START graalphp run=3 parked=10000 pid=17044
graalphp,3,10000,0,startup,0,0.026218,0.000,0.031250,0.000,19.168,42.125,19.168,0,0.000,0.000
graalphp,3,10000,0,suspended,0,0.074079,0.000,0.140625,0.000,110.379,131.930,110.379,0,0.000,0.000
graalphp,3,10000,64,curl,131072,5.329458,24593.869,5.578125,42.558,127.395,148.957,225.887,92,23.723,18.835
LATENCY graalphp,3,10000,16,8192,2.539285,2.123400,2.250100,3.006600,3.062700,4.756500,20.638800
START graalphp run=4 parked=1000 pid=12244
graalphp,4,1000,0,startup,0,0.039304,0.000,0.015625,0.000,19.160,42.121,19.160,0,0.000,0.000
graalphp,4,1000,0,suspended,0,0.044923,0.000,0.015625,0.000,31.660,60.371,31.660,0,0.000,0.000
graalphp,4,1000,64,curl,131072,5.094829,25726.476,5.375000,41.008,90.301,114.977,201.355,64,23.246,17.762
LATENCY graalphp,4,1000,16,8192,2.461380,2.120100,2.259200,2.946900,3.026300,4.508900,15.223200
START graalphp-untimed run=4 parked=1000 pid=15760
graalphp-untimed,4,1000,0,startup,0,0.026358,0.000,0.015625,0.000,19.172,42.129,19.172,0,0.000,0.000
graalphp-untimed,4,1000,0,suspended,0,0.032206,0.000,0.015625,0.000,31.824,60.371,31.824,0,0.000,0.000
graalphp-untimed,4,1000,64,curl,131072,4.867145,26929.956,5.031250,38.385,80.934,101.383,153.859,64,20.504,17.881
START graalphp-before run=4 parked=1000 pid=22088
graalphp-before,4,1000,0,startup,0,0.027167,0.000,0.015625,0.000,19.176,42.137,19.176,0,0.000,0.000
graalphp-before,4,1000,0,suspended,0,0.033219,0.000,0.046875,0.000,30.695,60.375,30.695,0,0.000,0.000
graalphp-before,4,1000,64,curl,131072,4.987733,26278.872,5.234375,39.935,197.375,217.496,201.371,64,22.054,17.881
LATENCY graalphp-before,4,1000,16,8192,2.408358,2.126500,2.218000,2.855400,3.004900,3.467600,14.982200
START graalphp-before-untimed run=4 parked=1000 pid=22620
graalphp-before-untimed,4,1000,0,startup,0,0.028212,0.000,0.015625,0.000,19.160,42.113,19.160,0,0.000,0.000
graalphp-before-untimed,4,1000,0,suspended,0,0.034161,0.000,0.015625,0.000,31.855,60.355,31.855,0,0.000,0.000
graalphp-before-untimed,4,1000,64,curl,131072,4.859697,26971.229,4.953125,37.789,145.277,166.078,154.078,80,19.193,18.597
START graalphp run=4 parked=10000 pid=3188
graalphp,4,10000,0,startup,0,0.026573,0.000,0.015625,0.000,19.172,42.133,19.172,0,0.000,0.000
graalphp,4,10000,0,suspended,0,0.073818,0.000,0.093750,0.000,109.391,130.934,109.391,0,0.000,0.000
graalphp,4,10000,64,curl,131072,5.311104,24678.863,5.656250,43.154,129.148,150.102,253.617,64,22.888,20.266
LATENCY graalphp,4,10000,16,8192,2.530468,2.137600,2.262900,2.949400,3.046700,4.509000,20.745800
START graalphp-untimed run=4 parked=10000 pid=796
graalphp-untimed,4,10000,0,startup,0,0.029662,0.000,0.015625,0.000,19.160,42.113,19.160,0,0.000,0.000
graalphp-untimed,4,10000,0,suspended,0,0.080244,0.000,0.140625,0.000,110.363,131.906,110.363,0,0.000,0.000
graalphp-untimed,4,10000,64,curl,131072,5.147664,25462.425,5.343750,40.770,114.832,130.977,182.973,64,21.219,19.550
START graalphp-before run=4 parked=10000 pid=19568
graalphp-before,4,10000,0,startup,0,0.029188,0.000,0.015625,0.000,19.176,42.133,19.176,0,0.000,0.000
graalphp-before,4,10000,0,suspended,0,0.077166,0.000,0.093750,0.000,109.648,131.418,109.648,0,0.000,0.000
graalphp-before,4,10000,64,curl,131072,5.349019,24503.931,5.750000,43.869,252.059,271.738,252.059,64,25.034,18.835
LATENCY graalphp-before,4,10000,16,8192,2.553089,2.142600,2.272600,3.008700,3.050700,4.145200,20.577000
START graalphp-before-untimed run=4 parked=10000 pid=8132
graalphp-before-untimed,4,10000,0,startup,0,0.035694,0.000,0.015625,0.000,19.168,42.121,19.168,0,0.000,0.000
graalphp-before-untimed,4,10000,0,suspended,0,0.090802,0.000,0.078125,0.000,109.523,130.922,109.523,0,0.000,0.000
graalphp-before-untimed,4,10000,64,curl,131072,5.147074,25465.340,5.296875,40.412,175.047,195.621,185.414,64,21.815,18.597
RESULTS build\curl-benchmark-18223186785525959664
